GGAAAA:24027.0062689
AATTTT:24815.8043357
TGAAAA:24992.1359234
AGAAAA:27771.4248392
AAAAGG:23950.3148532
GAAAGA:23665.9508805
TTTTTC:25048.0413544
TTTTTA:23822.0882454
GAAAAA:25286.9066843
ATTTTT:24919.0057932
CCCCCC:26087.5271966
TTTTTT:27061.2648682
TAAAAA:26155.6995658
AAATAA:24406.171291
AAAAAG:28086.342827
ACAAAA:27374.4506758
CAAAAA:23731.5746793
ATAAAT:23629.2170626
AAAGAA:26516.307419
AAAAGT:24026.2121353
AAAGAG:24361.7850519
AAAAAT:28149.4991415
AATAAA:24836.5889004
AAGAAA:24134.5463874
AAAACT:23941.8634792
AAAAAA:29180.8939022
AAAAAC:25459.85911
ATAAAA:23883.7862394
AAAAGA:26662.6796861
AAAATA:25333.2681341
