AAAT:116479.226727
AAGA:116800.882309
AACA:116663.196019
AAAA:120353.050199
AAAC:113404.271773
AAAG:115945.350783
CTTT:114270.982175
TTCT:114805.253385
AGAA:116669.2213
ATTT:114962.081383
ACAA:115077.12044
TTAA:117017.440219
GAAA:117292.811395
ATTA:115784.086966
TTAT:114149.981736
TTTA:114647.857826
CAAG:113434.909661
ATAA:116344.520806
GCAA:113586.116709
CAAA:116779.290371
TTTT:115784.32841
ATCA:114443.457753
ATAT:116632.681358
AATT:115154.503607
TAAA:115565.016127
TATA:115903.221039
TCAA:114588.555511
TAAT:113684.148419
AATA:116113.469587
AATG:113404.493373
