AGTTT:50476.8746432
GCCCC:53385.0138219
AAATA:50567.1961417
ACAAA:52110.0223967
AAAAT:50606.1095223
CAAAA:52108.7189592
TCCTT:51525.1486956
TTTTT:56868.3448774
TTATT:50601.1685537
AGAAA:54602.4749899
CCCCC:52661.7082369
AAGAA:52771.1358413
AAGCA:51082.1020803
CTTTT:53822.3959108
AAGGA:51801.2795282
TCTTC:51034.6305949
ACCCC:50532.6973648
TCTTT:53930.604726
TGTTT:51031.4156627
AATAA:50799.3206032
ATAAA:53507.5730065
ATTTT:52941.5409145
GAAAA:51808.5838272
TTCTC:51089.3823683
TCCCC:52085.3778062
AAAGA:50733.3568804
AAAAG:53956.2484402
AATTT:50647.0288988
AAAAA:59119.1702741
TTCTT:52325.2145597
