AAACA:52782.8023871
AAATA:53501.4890837
ACAAA:52632.2576826
AAATT:52470.9521472
CAAAA:53910.5052153
TTTTT:56849.0265621
TAAAA:54532.1767775
TTTTA:51900.7016944
AGAAA:55235.3241562
CCCCC:52354.0370017
AAGAA:53955.9218097
TTTCT:52634.9160653
TTTTC:51740.0139481
CTTTT:51807.4138725
TCTTT:52090.2564183
TTAAA:50562.1238001
TTTAT:50781.6621096
AATAA:52022.7349491
ATAAA:53507.7026135
ATTTT:52658.0405012
TATTT:50882.0452192
GAAAA:54150.9337661
AAAAT:55522.8362586
AACAA:51663.4107532
AAAGA:54636.0083807
TTCTT:51507.7134833
AATTT:51471.1890149
AAAAA:61124.6082867
AAAAC:52462.8324261
AAAAG:54682.4723345
