GTCAG:20609.3075253
GCCAA:20110.8092273
GGCAG:20071.8216655
CACAT:21993.99929
CACCT:21467.5856699
GCGAG:19803.2110388
CACCA:22981.4609039
CACAA:20134.9765569
CCCCC:21449.8482315
CCCCG:20778.9662983
ACACA:20195.3127339
CCCAA:21038.5641911
CAGTT:21677.938861
ATGCA:20274.4248018
ATGAA:20278.4170042
TTCCA:21075.880704
ATGAG:20267.7588834
ACCCC:20926.069316
ACCCA:20615.3066489
CTGCG:19915.5516274
AACCA:22651.1458578
CTCAT:20998.7700381
AACAG:20237.3409364
CTCCT:21188.7282917
AACAA:21534.6355944
GACAA:20041.8493852
CTCAA:20894.3241928
CTCCA:24703.9531182
CTCCC:21875.0694723
CTCCG:20115.4574935
