AAACA:57104.8910859
AAATA:58535.303051
AGTTA:55078.4915347
AAATT:54062.0507866
AGATA:58926.5275871
TTTTT:56260.6891831
AGGAA:54320.5119905
TTACT:53502.1801165
AGAAG:57956.0406701
AGAAA:60840.1141084
TAAAT:53190.481167
AGCTT:53839.3831047
ACATA:54546.1242671
ACAAA:57111.9419708
TTTTC:53183.9634229
AATTT:53591.574461
CCAAA:54318.6580432
AACTA:56771.9616918
ACAAT:54672.2414007
ACAGT:53576.9797368
TTTAT:55480.31665
AATTC:53088.4525253
AATAA:56367.945738
ATAAA:54783.1119751
ATTTT:53264.2027555
GAAAA:53207.0753429
ACTAA:54090.7510394
TGAAA:54027.3791563
AAAAA:56012.0039517
AAAAC:55270.777018
