ATCTTTT:13700.7405448
CTCTCTC:15476.7491205
TTTTATT:14640.5332408
TTTTTAT:14056.5220611
AAAAGAA:15833.7616239
AAAAACA:15025.1182847
TTTTCAT:14450.7462553
TTTTTCT:13367.3000603
GGGGGGG:13713.6476337
TATTTTT:13770.7435516
CTTTCTT:14170.1320735
TAAAAAA:15720.2621681
GTTTTTT:15130.8839829
AAAAAAT:14435.3881425
TTTTCTT:15389.4267033
TTCTTTT:13963.3775232
AATAAAA:13561.6448949
AAATAAT:13602.5717721
TCATTTT:13646.323797
TCTTTTT:15296.2841359
AAAAAAA:13439.0916207
CCCTCTC:13355.8980979
TTATTTT:15134.1770747
TTCTCTT:17307.2489576
TTGTCTT:14745.6883472
TTTTTTC:14002.2273092
TTCTCTC:14731.3651223
TATGTTT:13852.6033803
TTTTTTT:20288.40805
CCCCCCC:14554.57343
