GCGAGA:4431.00284107
CGTCGA:4779.07971166
GCGCGC:5003.47111391
GTGCTA:4548.70788073
TCGAGT:4711.67281299
GCGAGT:4933.28181342
GGTCAT:4547.05793495
GAACTA:5343.5968417
GGTACG:5155.08330898
GGTATT:4952.15197408
AGTATG:5138.41595949
ATGAGA:4613.4056076
GGACTG:5534.78835106
GGACTA:5087.33772497
AAGAGG:4455.85044715
GTGATT:4503.73204317
GTTATG:5690.55311085
CCGCGC:4929.18227643
CCGAGT:4401.55745383
GTTGCT:5129.6799243
GGGCGA:4595.55565829
GCGATT:5474.77742636
GGAATG:4532.7006762
GTTACG:5180.60950315
GCAATT:4877.02461702
CCAAGG:4752.86311061
GATGTG:4983.97589638
GGTCGA:4464.34997752
ATTACG:4574.25823626
GTTACT:5637.38760037
