TCTCCC:23007.4360349
TTTTCT:25027.747155
CTTTCT:22999.7968376
AGAAAA:24602.0547555
GAAAAA:25758.7713424
ATTTTT:24667.5302494
TTTTCA:23632.409535
TTAAAA:23229.801209
ATGAAA:23296.2885188
TTTTTT:25278.3758656
TAAAAA:25490.7705389
AAAAAG:24264.5049523
AACAAA:23625.7816768
TTTCTT:23858.682299
AAGAAA:25992.6819032
AAATTT:23098.5002697
CAAAAA:24154.5538399
CTTTTT:25496.0866895
AAAGAA:24875.3973475
AAAAAT:26374.2530303
AAAATT:23180.6823554
ACAAAA:25995.2070698
AAAAAA:27800.4470614
AAAAAC:25037.202683
GAGAAA:23425.136909
ATAAAA:24084.735468
AAAAGA:23911.6691453
AAAACA:23074.3719374
AATAAT:23222.0445036
AAAATA:25196.7350564
