GTTC:591.853752681
GTTG:696.46121128
GTCC:1245.32173787
AACC:480.44585516
GTGA:649.678905425
AACA:714.116105351
GTGC:901.837536147
CTTC:508.841589359
CTTT:491.646945081
AGAA:400.263420905
GATT:485.089276448
ATTG:409.290119889
GCTG:415.979916621
ATTC:783.173326469
GAGC:659.083883851
ATGC:1718.3946921
ATCT:1091.43838433
TTCC:1057.40810886
GCGC:537.18899895
TCAG:710.528167731
ATAG:541.156180528
ATCC:865.703566321
ATCA:610.074258998
TGGC:1097.54217529
TATC:557.92972614
ACCC:397.524714198
CATT:392.972536002
TGAA:626.922612329
CTGC:536.296959102
CTCG:508.405544042
