TTTTAT:4551.1420492
TTTTCT:4601.21855399
AAACAA:4608.8483442
TCTTTT:4701.58979086
AGAAAA:4763.30402774
TTTTTA:4540.73953568
GAAAAA:5242.19114286
ATTTTT:4778.65553453
CCCCCC:4762.64566085
TATTTT:4451.37506797
TTTTTT:6865.67127439
TAAAAA:5645.14638344
AAATAA:5387.36232618
AAAAAG:5204.5500865
AACAAA:5021.36162742
TTTCTT:4500.20781199
AAGAAA:5337.56194008
CAAAAA:5057.66217427
CTTTTT:5333.39289669
AAAGAA:4968.18802692
TTCTTT:4470.47362642
AAAAAT:5970.7781895
AATAAA:5057.94367586
ACAAAA:4516.96192701
AAAAAA:7965.69172624
AAAAAC:5068.75067471
ATAAAA:4447.3382723
AAAAGA:5217.52220751
AAAACA:4486.96543389
AAAATA:4754.74031438
