TTTTAT:4472.65939011
TTTTCT:4450.35239812
AAACAA:4651.63238425
TCTTTT:4690.97890359
AGAAAA:5508.99472189
TTTTTC:4472.21228836
GAAAAA:5130.1367246
ATTTTT:5092.17550407
CCCCCC:4653.2974247
TATTTT:5219.13010213
TTTTTT:7376.80043883
TAAAAA:5293.25599452
AAATAA:5106.39414511
AAAAAG:5571.26053695
AACAAA:4721.74293702
TTTCTT:4530.3541903
ACAAAA:5038.14434494
CAAAAA:4659.78829585
CTTTTT:4906.23339763
AAAGAA:5228.4146955
TTCTTT:4502.90209467
AAAAAT:5750.15289341
AATAAA:4850.29547032
AAGAAA:5344.32495456
AAAAAA:7819.54876809
AAAAAC:4570.41808382
ATAAAA:5253.52433462
AAAAGA:5239.97321816
AAAACA:4931.71353598
AAAATA:5057.96611923
