ACGCCA:3781.98001544
GCATAA:3676.20578641
GCTCAG:4362.29619565
GAGTAA:3726.77773339
GCTGAA:4824.23761558
TGTTAA:3813.66217131
GACCTT:4062.41443257
GCTAAG:3821.4903923
GCTAAA:4155.22054484
TTTTGG:4113.60259352
GACGTA:3657.92372764
GACTCC:3789.86565968
GCTACA:3565.26962713
CATTAC:4841.3196691
TTAAAA:4058.77301897
CTTTCG:4278.29925911
CTTTAG:5233.21175738
CCATAA:3806.56000777
GACTTA:3649.39879475
GCAAAA:3827.8410833
CGTTAC:3892.90189948
CCTTAA:4400.16549041
AATCAG:4073.86329226
TCAAAA:3814.14046482
CCTGAG:4044.93294593
CTCTGG:3563.51234473
ACCGCG:3729.49969914
GCGCCA:3624.82922657
ATTCCG:3699.29189419
TCTCAA:4288.86041004
