TTTTAT:4174.430269
TTTTCT:4554.91182163
AAACAA:4675.02566392
TCTTTT:4184.23350813
AGAAAA:5579.22026703
GGGGGG:4420.27388018
TTTTTC:4479.92431876
TTTTTA:4806.60159712
TTTTTG:4235.30724416
GAAAAA:4669.64322839
ATTTTT:4349.31647257
CCCCCC:4773.30044773
TTTTTT:6354.20011653
TAAAAA:5813.38795535
AAATAA:5219.42202591
AAAAAG:5557.41745945
TTTCTT:4189.89777822
ACAAAA:4482.37823565
CAAAAA:5205.45192544
AAAGAA:5243.99670526
TTCTTT:4482.33041498
AAAAAT:6097.93076787
AATAAA:4656.62376955
AAGAAA:5375.93207387
AAAAAA:7759.31114098
AAAAAC:4157.42652986
ATAAAA:4807.67804647
AAAAGA:4930.46956517
AAAACA:5170.87321489
AAAATA:4960.97734526
