TTTTAT:4411.10732244
TTTTCT:4652.31493681
AAACAA:4949.01820692
AGAAAA:5120.45699398
TTTTTC:4728.69926891
TTTTTA:4797.36974899
TTTTTG:4524.6627824
GAAAAA:5258.98502597
ATTTTT:4493.60501971
CCCCCC:5159.28181123
TATTTT:4483.03884901
TTTTTT:6835.35819772
TAAAAA:5590.38669168
AAATAA:4957.64883636
AAAAAG:5003.88973166
AACAAA:5229.4856891
TTTCTT:4482.56090002
AAGAAA:5415.90461782
CAAAAA:4743.21501722
CTTTTT:4698.90069108
AAAGAA:5655.43044385
TTCTTT:4373.95377377
AAAAAT:5811.15896143
AATAAA:4931.86451047
AAAAAA:7465.00658326
AAAAAC:4863.12526248
ATAAAA:4842.13861068
AAAAGA:5289.6228855
AAAACA:4966.30996878
AAAATA:5219.40829153
