AATTTT:25304.7759091
TCTTTT:25915.1005112
AGAAAA:24645.6813204
GAAAGA:25606.3331086
TTTTTC:25209.5619279
GAAAAA:27273.777836
CCCCCC:24783.9578676
TATTTT:25153.212046
TGTTTT:25211.0258864
TTTTTT:30748.8044077
TAAAAA:25488.8329259
AAATAA:26644.6899866
AAAAAG:29280.0177372
TTTCTT:24825.7180798
AAGAAA:26822.8576679
AAAAGT:24706.2176727
CAAAAA:27017.8998251
CAAAAG:25305.6260952
AAAGAA:25301.9682009
TTCTTT:25645.725946
AAAAAT:27552.5338965
AAAATT:24520.0099808
AATAAA:25218.2356664
ACAAAA:24478.2843097
AAAAAA:32864.889089
AAAAAC:27227.1713297
ATAAAA:24540.8914464
AAAAGA:27272.9048455
AAAACA:27363.3350458
AAAATA:26705.7181167
