CTAG:1034.48260153
CGGA:701.057584854
CGAA:1153.31225152
ACCA:891.860006333
GGGG:808.479385123
GAAT:823.875624976
TTCG:1210.26112086
GAGG:915.473496071
TTCA:798.30639048
GAGC:687.763899429
ATCT:748.828543054
TGGG:770.142645653
CTTA:994.59281212
CCAT:700.406370886
CAAA:912.48417811
ATCG:844.370300591
CCCA:694.67512908
TGCA:892.353017276
TTTT:820.342709105
TGCG:1057.34038425
CCAA:963.279607732
CCTA:858.977251434
TACG:950.343904301
TAAG:781.744172796
TAGA:784.602600392
TGGA:841.059382132
TCCT:1365.5812493
TCGG:1217.83327805
TCCC:970.787505996
TCCA:1044.46866926
