TTTTCT:25401.4513897
CTTCTT:24308.1106192
AAACAA:25439.9035157
TGAAAA:23635.0934298
TTTTAA:23544.1847713
TCTTTT:24500.5937249
AGAAAA:24993.4311161
TTTTTC:25719.6236733
TTTTTA:24285.7558354
TTTTTG:24947.6263595
GAAAAA:24845.377194
ATTTTT:25551.8576232
TTAAAA:25042.653361
TTTTTT:29280.3483049
TAAAAA:25604.8649163
TTTCTG:23804.2658832
TTTCTA:24100.7163261
TCTTTA:23938.5386308
TTTCTT:25690.9068162
ACAAAA:24759.2983892
TCAAAA:24768.2773268
AAAGAA:24507.9317579
TTCTTT:24165.6822436
AAAAAT:24893.7904961
TCTCTT:23594.2220624
AAGAAA:24192.4048477
AAAAAA:30505.8700128
ATAAAA:24188.0897202
AAAAGA:24668.1891489
AAAACA:23514.0914612
