TACAAG:5047.99183389
TACAAC:5742.63480871
CGCAAC:5822.38948421
ACCAAG:5091.11901148
TTCTAG:4298.54735262
ACCAAA:5161.51468351
TTCATG:4974.20712091
ACCAAC:5209.52195753
GCCAAC:5372.08649716
ACTAGG:4539.89789723
GTGTTG:4810.55412672
TAGAGG:4615.69211103
ACTAAC:4387.67779767
CACATC:4659.81737408
GTAACC:4336.25099292
GCTAGC:5326.01808476
AGCATA:4491.29978657
AGCGTA:4430.59219146
CTTAAG:5012.93801072
TAAACG:4704.37300471
CCCAAC:4651.13106884
TCAAGC:4675.52245772
CAAAGC:4595.11911537
TGCAAG:5115.43951546
ATCATT:4672.54041428
GACAAC:5606.06855865
AGCAAT:5064.36044521
CTAAGG:4321.60942024
AACATA:5389.32893956
CCATCC:4841.85542716
