GTTCTT:4264.27056048
AAGTGG:5071.28931192
TACATG:5045.71623307
AAACGC:4440.08128431
CGCGGT:4743.78997913
AGAAGT:5308.99000733
GTAACT:4836.68671198
ATGCCG:3894.14853158
TAGATC:4642.12303723
GGCGCT:3841.51036151
TTAACG:4804.05714515
TTAATG:4696.22648789
AAGCAG:4080.60242103
CACGTG:4990.64493758
CTACTG:4016.70473066
TAAAGG:4338.14121057
CACGGG:5169.51985596
CACGTT:5206.85740667
GTACTC:4445.67117647
GTACTA:5313.59672628
AGTGCT:3894.33831297
GTCCAG:4441.73966751
ATAATA:4331.58613945
CAAATG:4987.35667839
CTAGTG:4016.78782805
CAAGTT:3942.88761148
CGCCTT:4855.44800979
AAAGTG:4155.88060692
ATACTG:3848.14173244
TAAATT:3826.21459492
