GCTCCG:4180.79993152
AAACCG:4729.6286876
GAGCTC:4305.19524031
ACTGCT:5598.94411056
TACAAA:4029.83848848
GCTCAG:4074.80842444
ACCAAG:4077.48798874
AAACGG:4139.28169185
GCCAAG:4624.49102652
GTTCTA:4203.14441446
GCTCTT:4157.06773249
TAACAG:4904.67355929
TAGCAG:4211.36087531
GAAAAC:5424.98679838
CTCATA:5337.76566734
GATAAC:4098.94668224
TAGCGC:4042.68361331
TGGGAC:4261.32632747
GTACTG:4179.65972746
GATCAC:4024.29866979
GCCCTC:4180.06349632
GTCCAG:4916.59554315
TAAGAC:4200.48450593
TAATAG:4155.914995
AATAAC:4863.10521925
GTTCAT:4072.80954763
AAAAAG:4039.34977506
GCTCAT:4181.10783833
CAGAAC:4227.33483858
GCCCTG:4327.52135339
