ATCCCT:780.945439404
TCGGAG:879.225231909
GCGTTA:1019.1669057
AGATAC:892.095365553
TTCCAT:839.818850826
ACCCTC:1098.85897388
GTGGTG:892.024919378
GGTACG:785.633040358
TAACCC:1074.38979999
GTGGCG:808.198231369
TGACCC:1317.66800998
GTGACG:1119.99567526
GATTTG:765.568588064
TTACCC:1009.826653
GTGGGC:788.124191828
CTCCCA:963.950168651
TGGACG:810.703576416
TTGGCG:931.902193961
TTGGAG:1128.33773178
ACAGTA:846.02987531
GCGGAT:755.733979185
GTATAC:763.020280763
CTGGGC:765.088290131
TAATCC:1046.63847423
TAATAC:828.669503431
ACCGTA:966.555782496
TTATAC:1119.86128304
TTCCGG:807.443158569
GGATGA:783.432455094
CGATAC:840.610201734
