TTTTAT:24640.632882
AAACAA:25511.9832288
AGATAA:25603.0759203
TGAAAA:25893.0810048
TTCCTT:25025.4236312
AGAAAA:27634.5099667
GGGGGG:25535.9934827
TTTTTC:26011.1857563
TTTTTA:26123.5485833
GAAAAA:25043.4120023
ATTTTT:27628.6759423
CCCCCC:26631.3804678
TTTTTT:29304.254699
TAAAAA:27471.1112732
AAATAA:28492.2290374
AAAAGA:25321.1469514
CTTTTC:24688.4948962
TTTCTT:25220.5311003
AAGAAA:26139.197469
AGGAAA:24944.2438622
CAAAAA:28041.4953085
CTTTTT:26914.1670528
AAAGAA:28594.9451034
TTCTTT:26350.4439914
AGAGAA:25428.4141861
AAAAAT:25186.9319439
AATAAA:25671.3791662
AAAAAA:30163.1132452
AAAAAG:27722.0465703
AAAATA:26117.2179814
