TTTTCT:4761.46833329
AAACAA:4399.44048742
TCTTTT:4697.92023001
AGAAAA:5006.69920506
GGGGGG:4446.54844776
TTTTTC:4511.86614387
TTTTTA:4597.04206947
GAAAAA:4869.85043725
ATTTTT:4464.82451076
CCCCCC:4869.17059961
TATTTT:4741.47148792
TTTTTT:6878.3314816
TAAAAA:5668.4057984
AAATAA:4824.24124904
AAAAAG:5532.01367846
AACAAA:4711.43493962
TTTCTT:4419.60258612
AAGAAA:4970.88822063
CAAAAA:5766.66602734
CTTTTT:4464.90696502
AAAGAA:5353.00698286
TTCTTT:4595.97920329
AAAAAT:6164.57999756
AATAAA:4617.99124585
AAAAAA:8122.48398572
AAAAAC:4765.41852079
ATAAAA:4567.76276813
AAAAGA:5423.44166217
AAAACA:4432.29340611
AAAATA:4890.15004613
