TTTTAT:25054.4619524
TTTATT:23178.1677387
TTTTCT:25033.6692547
AAACAA:23100.0242654
AGAAAA:25219.0222049
TTTTTA:24259.5852987
TTTTTG:24699.6752043
GAAAAA:24682.8728603
ATTTTT:23988.6722441
CCCCCC:23963.1109425
TATTTT:24099.0121659
TTTTTT:27668.6607175
TAAAAA:26689.4849813
AAAAGA:23814.2967633
TTTCTC:23717.1548078
TTTCTT:26207.3467375
ACAAAA:25231.1958767
CAAAAA:24335.699252
CTTTTT:24857.3029255
TCAAAA:24067.9662975
AAAGAA:25838.5210002
TTCTTT:23208.2017189
AAAAAT:25565.9774795
AAAATT:23347.6058533
AAGAAA:24624.3717356
AAAAAA:28757.0840386
AAAAAC:25090.2731686
GAAGAA:24029.5751178
ATAAAA:23082.9114729
AAAAAG:27864.5879202
